image 0
focal length  4.2
rms 3.22498
K
2856    0 1632
   0 2856 1224
   0    0    1
dist 
   0.1242
-0.228855
        0
        0
        0
external 0.0188862   0.999784 0.00864601    -381.85
  0.991269 -0.0198526   0.130349   -247.828
  0.130493 0.00610872   -0.99143    252.216
         0          0          0          1
H:
[0.01217454962452535, 0.8473963685677075, 1372.424660626385;
 -0.9564643984669493, -0.1375062864303116, 5142.61190309646;
 -2.851707588215547e-06, -4.263351988307574e-05, 1]
image 1
focal length  4.2
rms 3.52905
K
2856    0 1632
   0 2856 1224
   0    0    1
dist 
   0.04386
-0.0590565
         0
         0
         0
external-0.0304901  -0.996607  0.0764487    372.504
 -0.861757 -0.0125396  -0.507166    181.074
  0.506404 -0.0813438  -0.858451    253.823
         0          0          0          1
H:
[-0.06170714798030217, -1.125688720712273, 4043.097775699912;
 1.282673164667763, 0.9145421223805543, 1440.028866789882;
 -3.981248172872585e-05, 0.0002593356836741951, 1]
image 2
focal length  4.2
rms 1.73801
K
2856    0 1632
   0 2856 1224
   0    0    1
dist 
0.0754931
-0.106914
        0
        0
        0
external-0.0357708  -0.844918   0.533699    322.981
  -0.98484 -0.0608997  -0.162421    251.336
  0.169734  -0.531418  -0.829931    512.599
         0          0          0          1
H:
[-0.3337483095546719, -0.8511400813605353, 3398.329085775659;
 0.4933821462296339, 0.1575349809788341, 1866.161038753295;
 -0.0001746193707942012, 5.384981882504234e-05, 0.9999999999999999]
image 3
focal length  4.2
rms 2.3024
K
2856    0 1632
   0 2856 1224
   0    0    1
dist 
0.0944002
 -0.12409
        0
        0
        0
external-0.00831294   -0.999054    0.042685     351.672
  -0.970315 -0.00225868   -0.241835     250.723
   0.241702  -0.0434282   -0.969378     441.788
          0           0           0           1
H:
[-0.03948190301755849, -1.654268438567825, 4889.97070284304;
 1.76713726642157, 0.3496976931207686, 919.2417234656787;
 -1.663849822260148e-05, 9.350344026689219e-05, 1]
