image 0
focal length  30
rms 3.68622
K
6973.99       0    2592
      0 6973.99    1728
      0       0       1
dist 
0.0330137
 0.170419
        0
        0
        0
external 0.0037313  -0.997739 -0.0671107    380.613
 -0.916668  0.0234072  -0.398962    258.348
  0.399631  0.0630069  -0.914508    535.706
         0          0          0          1
H:
[0.009395754707109055, -1.013778809736765, 5100.767973784371;
 1.161261810957524, 0.2585112204619745, 667.3484600196059;
 1.284725866628641e-05, 7.135875393105198e-05, 1]
image 1
focal length  30
rms 5.1223
K
6973.99       0    2592
      0 6973.99    1728
      0       0       1
dist 
0.0810021
-0.123712
        0
        0
        0
external-0.0189704  -0.999192 -0.0354256    322.474
 -0.935845  0.0302162  -0.351114    314.685
  0.351901  0.0264921  -0.935662    493.225
         0          0          0          1
H:
[-0.008850508453848761, -0.8608024034608818, 5388.635452706406;
 1.019669535266007, 0.2287761014455023, 1695.110968932745;
 6.647073293346002e-06, 5.896856616150882e-05, 1]
